year,new_users,num_reviews,elite_users,num_tips,checkins
2004,90,0,0,0,0
2005,937,854,0,0,0
2006,5423,3853,0,0,0
2007,15340,15363,0,0,0
2008,31097,48226,0,0,0
2009,64911,74387,0,665,2
2010,109054,138587,0,26712,209153
2011,176435,230813,0,83395,901457
2012,195955,286570,0,110459,1289492
2013,209762,383950,0,107563,1552799
2014,233465,522275,0,109160,1625884
2015,247850,688415,0,89686,1709857
2016,217620,758882,0,94333,1554774
2017,151024,820048,0,93909,1348466
2018,133568,906362,0,67033,1157252
2019,104655,907284,0,57646,1035160
2020,47444,554557,0,32436,474172
2021,40485,618189,0,34993,477467
2022,2782,31665,0,925,20940
